00 01 02    03 04 05    06 07 08    09
10 11 12    13 14 15    16 17 18    19
20 21 22    23 24 25    26 27 28    29

30 31 32    33 34 35    36 37 38    39
40 41 42    43 44 45    46 47 48    49
50 51 52    53 54 55    56 57 58    59

60 61 62    63 64 65    66 67 68    69
70 71 72    73 74 75    76 77 78    79
80 81 82    83 84 85    86 87 88    89

90 91 92    93 94 95    96 97 98    99

100 101 102
103 104 105
106 107 108

example:
123456789 123456789 123456789 123456789 123456789 123456789 123456789 123456789 123456789 


1 2 3 4 5 6 7 8 9 
x x o o o o o x o
x x 2 1 5 2 3 x 0

302480009 000000060 750001000 001857900 060190008 820304175
645219830 090705610 073640002


302   480   009
000   000   060
750   001   000

001   857   900
060   190   008
820   304   175

645   219   830
090   705   610
073   640   002


462891127818976434627565147692
